1.7	-5.581003E-5	-1.251703E-6	5.573057E-5	0.027333
1.6995	-2.86501E-5	-1.07289E-6	2.855077E-5	0.025333
1.699	-1.188127E-5	7.549983E-7	1.188127E-5	0.028333
1.6985	-6.020097E-6	2.304727E-6	6.43733E-6	0.027778
1.698	-2.58288E-6	2.3246E-6	3.417347E-6	0.027889
1.6975	-3.635903E-6	2.404067E-6	4.3313E-6	0.029
1.697	-3.854457E-6	-1.58947E-7	3.814723E-6	0.027333
1.6965	-2.523277E-6	-6.556547E-7	2.58288E-6	0.027889
1.696	-3.715373E-6	1.589467E-7	3.655763E-6	0.029
1.6955	-3.27827E-6	5.76181E-7	3.258403E-6	0.026778
1.695	-3.675633E-6	2.384197E-7	3.61603E-6	0.028333
1.6945	-3.397477E-6	-9.934167E-8	3.337873E-6	0.028778
1.694	-2.28486E-6	8.3447E-7	2.404067E-6	0.028333
1.6935	-2.28486E-6	9.338123E-7	2.404067E-6	0.029
1.693	-3.159063E-6	6.953913E-7	3.17893E-6	0.029556
1.6925	-2.60275E-6	9.735513E-7	2.74183E-6	0.028889
1.692	-1.827883E-6	8.344713E-7	1.966967E-6	0.027444
1.6915	-2.404067E-6	3.218667E-6	4.013403E-6	0.029444
1.691	-3.437213E-6	4.092883E-6	5.32471E-6	0.03
1.6905	-2.662353E-6	9.139413E-7	2.761697E-6	0.030222
1.69	-2.463673E-6	-3.377617E-7	2.443803E-6	0.031111
1.6895	-4.21209E-6	-2.185517E-7	4.152483E-6	0.030222
1.689	-3.17893E-6	-1.827883E-6	3.61603E-6	0.031111
1.6885	-2.48354E-6	-1.013286E-6	2.662353E-6	0.029556
1.688	-9.536803E-7	-1.31131E-6	1.569597E-6	0.030556
1.6875	-2.30473E-6	-1.78815E-6	2.84117E-6	0.031667
1.687	-3.318003E-6	-1.072888E-6	3.437213E-6	0.030556
1.6865	-2.324597E-6	1.78815E-7	2.26499E-6	0.031
1.686	-2.423937E-6	5.9605E-7	2.46367E-6	0.033889
1.6855	-2.46367E-6	-5.9605E-8	2.404067E-6	0.030889
1.685	-2.92064E-6	-5.36445E-7	2.880907E-6	0.033222
1.6845	-3.75511E-6	-4.76841E-7	3.6955E-6	0.033444
1.684	-4.17235E-6	-7.94732E-7	4.21209E-6	0.034444
1.6835	-3.874333E-6	-5.165767E-7	3.85446E-6	0.034667
1.683	-3.09946E-6	-6.75523E-7	3.119327E-6	0.033667
1.6825	-3.97367E-6	-1.41065E-6	4.152483E-6	0.036333
1.682	-3.29814E-6	-1.788153E-7	3.218667E-6	0.035222
1.6815	-3.119323E-6	1.748413E-6	3.516693E-6	0.037889
1.681	-4.7684E-6	3.218667E-6	5.722077E-6	0.040556
1.6805	-4.748533E-6	3.874323E-6	6.11944E-6	0.038556
1.68	-4.390903E-6	2.006703E-6	4.78827E-6	0.040222
1.6795	-2.463673E-6	-3.178937E-7	2.423933E-6	0.040444
1.679	-2.64249E-6	0	2.58288E-6	0.045556
1.6785	-4.152483E-6	1.986833E-6	4.529983E-6	0.043333
1.678	-3.735243E-6	3.973667E-8	3.67564E-6	0.047667
1.6775	-4.11275E-6	1.05302E-6	4.19222E-6	0.05
1.677	-5.066423E-6	2.30473E-6	5.503523E-6	0.051556
1.6765	-4.629327E-6	2.62262E-6	5.24524E-6	0.053222
1.676	-4.45051E-6	2.523277E-6	5.08629E-6	0.059111
1.6755	-4.3313E-6	1.271571E-6	4.47038E-6	0.062222
1.675	-3.99354E-6	-1.88749E-6	4.35117E-6	0.065444
1.6745	-4.073013E-6	-2.423937E-6	4.66906E-6	0.070778
1.674	-4.05314E-6	-1.351047E-6	4.19222E-6	0.075667
1.6735	-4.351167E-6	-7.15259E-7	4.351167E-6	0.083778
1.673	-5.384317E-6	-2.980247E-7	5.364447E-6	0.092444
1.6725	-6.159177E-6	9.53682E-7	6.179043E-6	0.100778
1.672	-4.947213E-6	1.013286E-6	4.98695E-6	0.109111
1.6715	-4.808137E-6	-1.589467E-7	4.748533E-6	0.120111
1.671	-4.29156E-6	6.755227E-7	4.29156E-6	0.132889
1.6705	-5.424053E-6	-4.56972E-7	5.404183E-6	0.146666
1.67	-6.854563E-6	1.589466E-7	6.794957E-6	0.163778
1.6695	-6.23865E-6	1.98683E-7	6.198913E-6	0.183445
1.669	-5.36445E-6	-1.311307E-6	5.46379E-6	0.205555
1.6685	-5.66247E-6	-6.55655E-7	5.642603E-6	0.228889
1.668	-5.80155E-6	1.1921E-7	5.741943E-6	0.256444
1.6675	-7.21219E-6	5.76182E-7	7.192323E-6	0.287667
1.667	-6.039967E-6	1.569597E-6	6.198913E-6	0.326333
1.6665	-5.70221E-6	1.72854E-6	5.90089E-6	0.364889
1.666	-4.88761E-6	6.159177E-7	4.88761E-6	0.409555
1.6655	-5.48366E-6	-1.370913E-6	5.602867E-6	0.459333
1.665	-7.192323E-6	-2.30473E-6	7.470487E-6	0.518444
1.6645	-7.03338E-6	-2.20539E-6	7.311533E-6	0.582222
1.664	-7.728787E-6	-2.4438E-6	8.046687E-6	0.649667
1.6635	-8.20563E-6	-2.3842E-6	8.483787E-6	0.721111
1.663	-6.87443E-6	-2.026573E-6	7.092983E-6	0.799667
1.6625	-5.106157E-6	-2.225257E-6	5.503527E-6	0.881333
1.662	-6.55654E-6	-9.934183E-7	6.596277E-6	0.971555
1.6615	-8.02682E-6	1.092761E-6	8.046687E-6	1.05889
1.661	-7.56983E-6	3.5763E-7	7.510223E-6	1.14889
1.6605	-7.03338E-6	-7.54997E-7	7.033377E-6	1.24089
1.66	-7.092983E-6	-8.940757E-7	7.09298E-6	1.330223
1.6595	-9.556653E-6	-7.94732E-7	9.556653E-6	1.428223
1.659	-1.355017E-5	-1.470253E-6	1.35899E-5	1.509337
1.6585	-1.303363E-5	-9.934177E-7	1.299387E-5	1.595887
1.658	-1.12057E-5	9.7355E-7	1.116597E-5	1.675223
1.6575	-1.045077E-5	2.543143E-6	1.070903E-5	1.75489
1.657	-1.211967E-5	9.73549E-7	1.20998E-5	1.823003
1.6565	-1.482173E-5	-8.344697E-7	1.480187E-5	1.88211
1.656	-1.599403E-5	-3.099457E-6	1.623247E-5	1.947557
1.6555	-1.772257E-5	-2.801433E-6	1.786163E-5	1.996
1.655	-1.980873E-5	-1.132493E-6	1.9769E-5	2.042777
1.6545	-2.04445E-5	-1.29144E-6	2.042463E-5	2.080443
1.654	-2.29479E-5	-6.75523E-7	2.28883E-5	2.11111
1.6535	-2.45572E-5	-1.211967E-6	2.451747E-5	2.137
1.653	-2.6703E-5	3.97367E-8	2.66434E-5	2.157223
1.6525	-2.630567E-5	9.934207E-7	2.624603E-5	2.173443
1.652	-2.624607E-5	-1.053023E-6	2.620633E-5	2.18489
1.6515	-2.537183E-5	-4.231957E-6	2.56897E-5	2.19478
1.651	-2.723943E-5	-3.457083E-6	2.739837E-5	2.200557
1.6505	-3.079593E-5	-1.688807E-6	3.077607E-5	2.20411
1.65	-3.268347E-5	-1.053024E-6	3.262387E-5	2.202887
1.6495	-3.492857E-5	-1.609333E-6	3.49087E-5	2.204443
1.649	-3.492857E-5	3.97367E-8	3.486893E-5	2.204443
1.6485	-3.580273E-5	1.708673E-6	3.580273E-5	2.204553
1.648	-3.59021E-5	7.152597E-7	3.586237E-5	2.201
1.6475	-3.84651E-5	3.5763E-7	3.842537E-5	2.202
1.647	-3.98161E-5	7.549983E-7	3.97565E-5	2.19978
1.6465	-4.1644E-5	-9.735497E-7	4.15844E-5	2.198557
1.646	-4.200163E-5	-7.74864E-7	4.194203E-5	2.19733
1.6455	-4.186257E-5	-9.53682E-7	4.180297E-5	2.199557
1.645	-4.287587E-5	6.357873E-7	4.281627E-5	2.201113
1.6445	-4.47633E-5	1.9471E-6	4.47633E-5	2.201113
1.644	-4.605473E-5	1.470253E-6	4.603487E-5	2.201667
1.6435	-4.655147E-5	-1.013287E-6	4.649187E-5	2.20511
1.643	-4.861777E-5	-3.019983E-6	4.867737E-5	2.206333
1.6425	-5.167747E-5	-3.655773E-6	5.177683E-5	2.20778
1.642	-5.098207E-5	-2.404063E-6	5.098207E-5	2.21167
1.6415	-4.8578E-5	8.543367E-7	4.849853E-5	2.214113
1.641	-4.84588E-5	-4.371027E-7	4.83992E-5	2.217223
1.6405	-4.97105E-5	-2.324597E-6	4.97105E-5	2.220663
1.64	-5.16576E-5	-2.225253E-6	5.16775E-5	2.224337
1.6395	-5.187617E-5	-2.582883E-7	5.181657E-5	2.228443
1.639	-5.280993E-5	6.95391E-7	5.275033E-5	2.22989
1.6385	-5.219403E-5	-2.066307E-6	5.219403E-5	2.231667
1.638	-4.899523E-5	-3.516687E-6	4.907473E-5	2.237223
1.6375	-4.94721E-5	-3.437213E-6	4.95913E-5	2.239447
1.637	-5.04854E-5	-4.291563E-6	5.06046E-5	2.241003
1.6365	-4.967077E-5	-4.3313E-6	4.980983E-5	2.244443
1.636	-4.90946E-5	-1.152365E-6	4.905487E-5	2.244557
1.6355	-4.675017E-5	1.490123E-6	4.671043E-5	2.245777
1.635	-4.81012E-5	2.30473E-6	4.812107E-5	2.247443
1.6345	-4.78429E-5	1.390784E-7	4.77833E-5	2.25011
1.634	-4.581633E-5	-7.15261E-7	4.575673E-5	2.24922
1.6335	-4.494213E-5	-1.649067E-6	4.49024E-5	2.248663
1.633	-4.218043E-5	-3.05972E-6	4.224003E-5	2.250667
1.6325	-3.920023E-5	-2.30473E-6	3.92201E-5	2.24978
1.632	-3.681603E-5	-2.344463E-6	3.681603E-5	2.247997
1.6315	-3.431263E-5	-1.78815E-6	3.429277E-5	2.251667
1.631	-3.250463E-5	-1.74841E-6	3.244503E-5	2.25111
1.6305	-2.831233E-5	-3.019983E-6	2.841167E-5	2.24933
1.63	-2.63454E-5	-1.529857E-6	2.630567E-5	2.250443
1.6295	-2.390157E-5	4.7684E-7	2.384197E-5	2.249443
1.629	-1.74643E-5	2.125913E-6	1.754377E-5	2.249443
1.6285	-1.190113E-5	3.318007E-6	1.231833E-5	2.25167
1.628	-9.357987E-6	5.284973E-6	1.06693E-5	2.248667
1.6275	-7.2122E-6	3.357743E-6	7.9076E-6	2.247553
1.627	-2.404067E-6	2.106047E-6	3.178933E-6	2.252
1.6265	3.715377E-6	1.132497E-6	3.914063E-6	2.25078
1.626	1.098717E-5	6.75523E-7	1.104677E-5	2.251223
1.6255	1.476213E-5	1.728543E-6	1.49012E-5	2.25378
1.625	1.664967E-5	3.119327E-6	1.69477E-5	2.251887
1.6245	2.034517E-5	1.569597E-6	2.042467E-5	2.25211
1.624	2.57692E-5	1.72854E-6	2.584867E-5	2.253
1.6235	3.2902E-5	1.450387E-6	3.294173E-5	2.255667
1.623	3.661737E-5	1.986833E-6	3.667697E-5	2.255333
1.6225	3.675643E-5	1.927227E-6	3.681603E-5	2.255443
1.622	4.073007E-5	3.49682E-6	4.090887E-5	2.257337
1.6215	4.58362E-5	3.695507E-6	4.597527E-5	2.257003
1.621	4.887603E-5	3.15906E-6	4.89754E-5	2.263667
1.6205	5.28298E-5	2.404067E-6	5.29093E-5	2.26222
1.62	5.668427E-5	4.371037E-6	5.686307E-5	2.265223
1.6195	5.839293E-5	4.470377E-6	5.85916E-5	2.26711
1.619	5.902867E-5	3.735243E-6	5.918763E-5	2.268223
1.6185	6.022077E-5	5.424053E-6	6.04393E-5	2.27089
1.618	6.057843E-5	6.23865E-6	6.08964E-5	2.27389
1.6175	6.21681E-5	7.23206E-6	6.26052E-5	2.275113
1.617	6.292313E-5	6.496937E-6	6.3241E-5	2.279553
1.6165	6.21085E-5	6.377723E-6	6.244627E-5	2.280887
1.616	6.202903E-5	7.470477E-6	6.2486E-5	2.284667
1.6155	6.459203E-5	5.88102E-6	6.48503E-5	2.284667
1.615	6.532717E-5	5.741947E-6	6.558547E-5	2.289003
1.6145	6.290323E-5	5.364447E-6	6.31218E-5	2.294997
1.614	6.19297E-5	4.31143E-6	6.206877E-5	2.29389
1.6135	6.248597E-5	3.6359E-6	6.25853E-5	2.29811
1.613	6.087653E-5	3.77498E-6	6.10156E-5	2.298
1.6125	6.103553E-5	5.722077E-6	6.129387E-5	2.300777
1.612	5.986317E-5	5.98036E-6	6.016117E-5	2.301557
1.6115	5.992277E-5	5.066423E-6	6.01413E-5	2.30511
1.611	5.980357E-5	3.59616E-6	5.992277E-5	2.311553
1.6105	5.743923E-5	2.98025E-6	5.753857E-5	2.312777
1.61	5.648557E-5	1.76828E-6	5.654517E-5	2.31211
1.6095	5.83532E-5	1.827887E-6	5.837307E-5	2.312667
1.609	5.662463E-5	3.119327E-6	5.668427E-5	2.316443
1.6085	5.60882E-5	1.827887E-6	5.610807E-5	2.32289
1.608	5.624713E-5	1.827887E-6	5.628687E-5	2.32167
1.6075	5.652527E-5	3.57629E-6	5.66445E-5	2.324333
1.607	5.612793E-5	3.218667E-6	5.622727E-5	2.325553
1.6065	5.53928E-5	3.67564E-6	5.551207E-5	2.329
1.606	5.594913E-5	4.371037E-6	5.610807E-5	2.332333
1.6055	5.47173E-5	5.284973E-6	5.49557E-5	2.329443
1.605	5.386293E-5	5.026687E-6	5.41014E-5	2.333
1.6045	5.32868E-5	4.371037E-6	5.344573E-5	2.331777
1.604	5.261123E-5	3.37761E-6	5.27106E-5	2.338
1.6035	5.414113E-5	1.589467E-6	5.418087E-5	2.336333
1.603	5.45981E-5	2.463673E-6	5.46577E-5	2.337333
1.6025	5.52736E-5	3.65577E-6	5.53928E-5	2.336443
1.602	5.66445E-5	2.225253E-6	5.66644E-5	2.33811
1.6015	5.441927E-5	1.41065E-6	5.443917E-5	2.336887
1.601	5.22139E-5	1.351043E-6	5.223377E-5	2.339777
1.6005	5.135953E-5	1.6292E-6	5.13794E-5	2.336887
1.6	5.0545E-5	3.29814E-6	5.062447E-5	2.337887
1.5995	4.812103E-5	3.874327E-6	4.82601E-5	2.340443
1.599	4.486263E-5	2.602753E-6	4.494213E-5	2.337557
1.5985	4.30944E-5	7.152593E-7	4.307453E-5	2.338
1.598	3.904127E-5	-1.152361E-6	3.904127E-5	2.33911
1.5975	3.55246E-5	-1.708673E-6	3.556433E-5	2.337
1.597	3.182913E-5	-5.761817E-7	3.17894E-5	2.336777
1.5965	2.83918E-5	-1.29144E-6	2.84514E-5	2.334777
1.596	2.674273E-5	1.589467E-7	2.674273E-5	2.33578
1.5955	2.340487E-5	-3.37762E-7	2.3385E-5	2.332223
1.595	1.978887E-5	-8.940747E-7	1.980873E-5	2.333223
1.5945	1.45436E-5	-2.781567E-7	1.452373E-5	2.33211
1.594	9.7951E-6	-1.351043E-6	9.87457E-6	2.333887
1.5935	5.284973E-6	-9.735513E-7	5.34458E-6	2.33122
1.593	2.980257E-7	-1.88749E-6	1.927227E-6	2.327553
1.5925	-3.993533E-6	-3.218667E-6	5.066423E-6	2.329
1.592	-7.86786E-6	-1.847753E-6	8.046687E-6	2.326667
1.5915	-1.136467E-5	3.774983E-7	1.132493E-5	2.327887
1.591	-1.563637E-5	-3.576303E-7	1.557677E-5	2.325997
1.5905	-1.941137E-5	-1.92723E-6	1.949083E-5	2.32511
1.59	-2.38817E-5	-2.920643E-6	2.404067E-5	2.323447
1.5895	-2.924613E-5	-2.086177E-6	2.928587E-5	2.323777
1.589	-3.03985E-5	-3.45708E-6	3.05774E-5	2.320447
1.5885	-3.1094E-5	-2.70209E-6	3.11536E-5	2.321003
1.588	-3.451133E-5	-3.894193E-6	3.469013E-5	2.32089
1.5875	-3.55246E-5	-3.218667E-6	3.562393E-5	2.317443
1.587	-3.844523E-5	-2.62262E-6	3.848497E-5	2.319557
1.5865	-4.043207E-5	-2.900773E-6	4.04718E-5	2.31789
1.586	-4.12466E-5	-2.70209E-6	4.12864E-5	2.313777
1.5855	-4.222017E-5	-4.31143E-6	4.23791E-5	2.31311
1.585	-4.331293E-5	-6.09957E-6	4.367053E-5	2.313113
1.5845	-4.347187E-5	-3.93393E-6	4.359107E-5	2.312
1.584	-4.275667E-5	-1.788147E-6	4.269707E-5	2.31222
1.5835	-4.26772E-5	-2.344467E-6	4.26772E-5	2.312557
1.583	-4.27368E-5	-2.68222E-6	4.275667E-5	2.30922
1.5825	-4.110757E-5	-3.139193E-6	4.11473E-5	2.309
1.582	-3.87234E-5	-2.8213E-6	3.876313E-5	2.30833
1.5815	-3.57829E-5	-2.582883E-6	3.582263E-5	2.30911
1.581	-3.343843E-5	-1.827883E-6	3.341857E-5	2.308553
1.5805	-3.169003E-5	-9.735513E-7	3.163043E-5	2.308777
1.58	-2.8511E-5	-2.78157E-7	2.843153E-5	2.307997
1.5795	-2.612683E-5	-4.967087E-7	2.606723E-5	2.307113
1.579	-2.318633E-5	-1.17223E-6	2.318633E-5	2.306443
1.5785	-1.964977E-5	-1.808017E-6	1.966963E-5	2.30689
1.578	-1.698743E-5	-6.556557E-7	1.69477E-5	2.30789
1.5775	-1.287467E-5	-1.589466E-7	1.277533E-5	2.302223
1.577	-1.05501E-5	-9.53683E-7	1.053023E-5	2.305887
1.5765	-1.076863E-5	9.735513E-7	1.076863E-5	2.30278
1.576	-7.35128E-6	1.808017E-6	7.510223E-6	2.304223
1.5755	-3.397483E-6	2.96038E-6	4.490247E-6	2.304777
1.575	1.1921E-6	1.74841E-6	2.145783E-6	2.304223
1.5745	2.900773E-6	1.41065E-6	3.218667E-6	2.305003
1.574	3.576293E-6	5.364447E-7	3.635897E-6	2.302777
1.5735	3.47695E-6	7.947337E-7	3.59616E-6	2.30178
1.573	4.56972E-6	2.18552E-6	5.106163E-6	2.302447
1.5725	5.6426E-6	1.41065E-6	5.821417E-6	2.30178
1.572	8.622863E-6	6.357867E-7	8.642733E-6	2.304777
1.5715	8.364577E-6	2.801433E-6	8.821547E-6	2.300777
1.571	6.695617E-6	2.662353E-6	7.212193E-6	2.30033
1.5705	5.523393E-6	1.43052E-6	5.682337E-6	2.301777
1.57	4.351167E-6	1.172233E-6	4.510113E-6	2.302337
1.5695	3.99354E-6	3.37762E-7	3.99354E-6	2.301667
1.569	2.62262E-6	5.960503E-8	2.62262E-6	2.298777
1.5685	4.967083E-7	3.973673E-8	4.967083E-7	2.298557
1.568	-7.54998E-7	6.95391E-7	1.013285E-6	2.29889
1.5675	-3.735243E-6	1.013287E-6	3.85446E-6	2.296667
1.567	-7.907597E-6	9.735483E-7	7.927467E-6	2.299
1.5665	-1.058983E-5	1.351043E-6	1.064943E-5	2.298223
1.566	-1.170247E-5	1.986833E-7	1.166273E-5	2.29611
1.5655	-1.450383E-5	-1.370913E-6	1.450383E-5	2.294447
1.565	-1.847757E-5	-1.92723E-6	1.853717E-5	2.294887
1.5645	-2.191477E-5	-1.609333E-6	2.193463E-5	2.292553
1.564	-2.332537E-5	-2.185517E-7	2.32459E-5	2.292997
1.5635	-2.37029E-5	2.682223E-6	2.380223E-5	2.29211
1.563	-2.723943E-5	3.218667E-6	2.73785E-5	2.291
1.5625	-3.176953E-5	8.742047E-7	3.170993E-5	2.290997
1.562	-3.635907E-5	-1.132494E-6	3.629947E-5	2.28989
1.5615	-4.094863E-5	-1.847753E-6	4.09685E-5	2.286333
1.561	-4.623357E-5	-1.01329E-6	4.617397E-5	2.286447
1.5605	-5.062443E-5	-3.973663E-7	5.056483E-5	2.285333
1.56	-5.598887E-5	2.98025E-7	5.5969E-5	2.28411
1.5595	-6.06977E-5	3.576297E-7	6.06381E-5	2.28489
1.559	-6.606227E-5	-1.092756E-6	6.602253E-5	2.281887
1.5585	-7.218167E-5	-2.84117E-6	7.218167E-5	2.279553
1.558	-7.69898E-5	-2.26499E-6	7.696993E-5	2.280553
1.5575	-8.072503E-5	-5.761817E-7	8.06853E-5	2.278443
1.557	-8.463907E-5	-1.66894E-6	8.459933E-5	2.275887
1.5565	-8.803653E-5	-3.119327E-6	8.80564E-5	2.277663
1.556	-9.18115E-5	-3.85446E-6	9.183137E-5	2.27389
1.5555	-9.413607E-5	-4.17235E-6	9.419567E-5	2.27222
1.555	-9.787127E-5	-5.00682E-6	9.797063E-5	2.27078
1.5545	-0.000102	-4.54985E-6	0.000102	2.270223
1.554	-0.000106	-4.78827E-6	0.000106	2.26911
1.5535	-0.00011	-4.132617E-6	0.00011	2.266777
1.553	-0.000112	-5.165763E-6	0.000112	2.267777
1.5525	-0.000115	-5.24524E-6	0.000115	2.26633
1.552	-0.000117	-5.662473E-6	0.000117	2.26422
1.5515	-0.00012	-6.179043E-6	0.00012	2.263553
1.551	-0.000123	-6.55654E-6	0.000123	2.260997
1.5505	-0.000125	-6.934037E-6	0.000125	2.259
1.55	-0.000124	-6.914167E-6	0.000124	2.260113
1.5495	-0.000124	-6.596273E-6	0.000124	2.26011
1.549	-0.000125	-6.25852E-6	0.000125	2.256223
1.5485	-0.000124	-5.46379E-6	0.000124	2.255777
1.548	-0.000123	-6.953903E-6	0.000123	2.25689
1.5475	-0.000122	-6.636013E-6	0.000122	2.253337
1.547	-0.000116	-5.60287E-6	0.000116	2.25022
1.5465	-0.000111	-5.34458E-6	0.000111	2.249113
1.546	-0.000107	-4.13262E-6	0.000107	2.247667
1.5455	-0.000101	-3.49682E-6	0.000101	2.245667
1.545	-9.342077E-5	-2.92064E-6	9.336117E-5	2.244333
1.5445	-8.483777E-5	-3.794857E-6	8.483777E-5	2.245443
1.544	-7.472483E-5	-3.596167E-6	7.472483E-5	2.245
1.5435	-6.55656E-5	-1.39078E-6	6.5506E-5	2.243443
1.543	-5.813463E-5	-1.80802E-6	5.811477E-5	2.240333
1.5425	-5.128007E-5	-1.66894E-6	5.122047E-5	2.240447
1.542	-4.074993E-5	-8.940747E-7	4.067047E-5	2.238667
1.5415	-3.039853E-5	-5.165763E-7	3.031907E-5	2.23989
1.541	-1.919283E-5	1.986837E-8	1.911333E-5	2.239333
1.5405	-8.54338E-6	-4.56972E-7	8.44404E-6	2.240113
1.54	1.986837E-8	1.211965E-6	1.6292E-6	2.23878
1.5395	8.940767E-6	2.86104E-6	9.43746E-6	2.238333
1.539	1.82391E-5	2.46367E-6	1.843783E-5	2.237777
1.5385	2.745803E-5	1.966967E-6	2.75375E-5	2.236223
1.538	3.771013E-5	2.70209E-6	3.78492E-5	2.237333
1.5375	4.675017E-5	3.159063E-6	4.686937E-5	2.234777
1.537	5.418087E-5	3.337873E-6	5.42802E-5	2.238333
1.5365	6.214823E-5	4.132617E-6	6.230717E-5	2.237777
1.536	6.814843E-5	5.324713E-6	6.834713E-5	2.236667
1.5355	7.61156E-5	6.19891E-6	7.639373E-5	2.236443
1.535	8.378473E-5	6.53667E-6	8.40629E-5	2.237333
1.5345	8.70431E-5	3.417347E-6	8.71226E-5	2.23789
1.534	9.26857E-5	4.013403E-6	9.28049E-5	2.238223
1.5335	9.81892E-5	5.940623E-6	9.838787E-5	2.241887
1.533	0.000102	5.265107E-6	0.000102	2.239
1.5325	0.000105	5.06642E-6	0.000105	2.23989
1.532	0.000107	5.00682E-6	0.000107	2.240003
1.5315	0.000109	6.616143E-6	0.00011	2.239223
1.531	0.000111	7.371137E-6	0.000111	2.239333
1.5305	0.000113	6.755223E-6	0.000114	2.240777
1.53	0.000115	5.44392E-6	0.000115	2.239223
1.5295	0.000118	5.126027E-6	0.000118	2.240557
1.529	0.000121	6.039967E-6	0.000121	2.242337
1.5285	0.000122	6.65588E-6	0.000122	2.240777
1.528	0.000124	6.159177E-6	0.000124	2.241443
1.5275	0.000126	7.56983E-6	0.000126	2.24278
1.527	0.000127	9.596407E-6	0.000128	2.246557
1.5265	0.00013	1.04309E-5	0.00013	2.244667
1.526	0.000131	1.013284E-5	0.000132	2.24611
1.5255	0.000132	9.020227E-6	0.000133	2.242113
1.525	0.000133	7.76853E-6	0.000134	2.24667
1.5245	0.000138	6.636013E-6	0.000138	2.24511
1.524	0.000141	6.834693E-6	0.000141	2.24722
1.5235	0.000143	7.62945E-6	0.000143	2.24811
1.523	0.000145	7.68905E-6	0.000146	2.246667
1.5225	0.000149	7.15259E-6	0.000149	2.249663
1.522	0.000151	7.410873E-6	0.000151	2.247443
1.5215	0.000155	6.99364E-6	0.000155	2.248333
1.521	0.000157	8.78181E-6	0.000158	2.24922
1.5205	0.000159	8.80168E-6	0.000159	2.249443
1.52	0.000161	8.324837E-6	0.000161	2.249557
1.5195	0.000163	8.56326E-6	0.000163	2.24811
1.519	0.000166	7.828137E-6	0.000166	2.25
1.5185	0.000171	7.569827E-6	0.000171	2.24811
1.518	0.000173	6.57641E-6	0.000173	2.249667
1.5175	0.000175	5.98036E-6	0.000175	2.249887
1.517	0.000177	7.192323E-6	0.000177	2.24911
1.5165	0.000177	9.93418E-6	0.000177	2.249223
1.516	0.000179	1.05501E-5	0.00018	2.250553
1.5155	0.000179	9.854677E-6	0.000179	2.25
1.515	0.000177	8.821547E-6	0.000177	2.248553
1.5145	0.000174	8.463917E-6	0.000174	2.25122
1.514	0.000172	8.205633E-6	0.000172	2.246557
1.5135	0.000169	8.602997E-6	0.000169	2.250443
1.513	0.000162	9.357987E-6	0.000162	2.249887
1.5125	0.000151	8.54339E-6	0.000151	2.250777
1.512	0.000141	7.808267E-6	0.000142	2.247113
1.5115	0.000132	7.172453E-6	0.000132	2.246
1.511	0.00012	5.960493E-6	0.000121	2.247443
1.5105	0.000106	4.967083E-6	0.000107	2.246667
1.51	9.332147E-5	3.695507E-6	9.334133E-5	2.247443
1.5095	8.006937E-5	3.000117E-6	8.0129E-5	2.247997
1.509	6.355887E-5	3.57629E-6	6.363833E-5	2.245557
1.5085	4.700843E-5	3.198797E-6	4.704817E-5	2.244443
1.508	3.039853E-5	2.98025E-7	3.033893E-5	2.24467
1.5075	1.426547E-5	-8.54337E-7	1.426547E-5	2.24333
1.507	8.146E-7	-1.64907E-6	2.185517E-6	2.243557
1.5065	-1.245743E-5	-2.344467E-6	1.261637E-5	2.243333
1.506	-2.61467E-5	-4.7684E-6	2.65639E-5	2.24333
1.5055	-3.860417E-5	-6.298253E-6	3.9081E-5	2.243557
1.505	-5.120063E-5	-6.35786E-6	5.1598E-5	2.242
1.5045	-6.109513E-5	-5.404183E-6	6.127393E-5	2.24189
1.504	-7.132733E-5	-5.284973E-6	7.150617E-5	2.244
1.5035	-8.12416E-5	-5.384313E-6	8.138067E-5	2.241887
1.503	-9.208963E-5	-6.159177E-6	9.226847E-5	2.24189
1.5025	-0.000104	-6.258517E-6	0.000104	2.24333
1.502	-0.000112	-4.609457E-6	0.000112	2.240447
1.5015	-0.000119	-4.251827E-6	0.000119	2.24189
1.501	-0.000128	-6.43733E-6	0.000128	2.241223
1.5005	-0.000137	-7.728793E-6	0.000138	2.241333
1.5	-0.000147	-7.01351E-6	0.000148	2.242557
1.4995	-0.000156	-5.98036E-6	0.000156	2.241887
1.499	-0.000164	-7.78839E-6	0.000165	2.24189
1.4985	-0.000176	-7.867873E-6	0.000176	2.240223
1.498	-0.000185	-5.642603E-6	0.000185	2.242113
1.4975	-0.000192	-5.02669E-6	0.000192	2.242333
1.497	-0.0002	-7.56983E-6	0.0002	2.242443
1.4965	-0.000206	-1.005337E-5	0.000207	2.244557
1.496	-0.000213	-1.170247E-5	0.000213	2.244113
1.4955	-0.000219	-1.152363E-5	0.000219	2.247223
1.495	-0.000222	-8.563257E-6	0.000222	2.246557
1.4945	-0.000226	-8.76194E-6	0.000226	2.243
1.494	-0.000229	-9.23878E-6	0.00023	2.24811
1.4935	-0.000229	-1.03514E-5	0.000229	2.25033
1.493	-0.000226	-1.13448E-5	0.000227	2.252667
1.4925	-0.000224	-1.255673E-5	0.000224	2.255333
1.492	-0.000223	-1.23382E-5	0.000224	2.257557
1.4915	-0.00022	-1.20402E-5	0.000221	2.258777
1.491	-0.000218	-8.98049E-6	0.000218	2.261557
1.4905	-0.000212	-8.02682E-6	0.000212	2.26411
1.49	-0.000206	-6.33799E-6	0.000206	2.26822
1.4895	-0.000201	-5.642603E-6	0.000201	2.272887
1.489	-0.000195	-7.35127E-6	0.000195	2.28022
1.4885	-0.000191	-6.794957E-6	0.000191	2.285333
1.488	-0.000186	-7.947337E-6	0.000186	2.29
1.4875	-0.000181	-8.68247E-6	0.000181	2.29311
1.487	-0.000178	-6.63601E-6	0.000178	2.300223
1.4865	-0.000174	-7.66918E-6	0.000174	2.305003
1.486	-0.000173	-7.907607E-6	0.000173	2.306113
1.4855	-0.000171	-7.80827E-6	0.000171	2.315777
1.485	-0.000171	-6.894303E-6	0.000171	2.31889
1.4845	-0.000169	-5.145897E-6	0.000169	2.325667
1.484	-0.000169	-7.23206E-6	0.000169	2.33
1.4835	-0.000171	-9.21891E-6	0.000172	2.333777
1.483	-0.000172	-7.311537E-6	0.000172	2.339667
1.4825	-0.000173	-8.364573E-6	0.000173	2.342667
1.482	-0.000173	-8.622863E-6	0.000173	2.346113
1.4815	-0.00017	-9.29838E-6	0.000171	2.351447
1.481	-0.000169	-9.55667E-6	0.000169	2.35722
1.4805	-0.000168	-7.47049E-6	0.000168	2.36211
1.48	-0.000164	-7.35127E-6	0.000164	2.36122
1.4795	-0.00016	-8.88115E-6	0.00016	2.363667
1.479	-0.000157	-9.43746E-6	0.000157	2.370443
1.4785	-0.000153	-9.993743E-6	0.000153	2.376
1.478	-0.000149	-9.099703E-6	0.000149	2.376557
1.4775	-0.000145	-7.430743E-6	0.000145	2.382337
1.477	-0.000143	-5.960493E-6	0.000143	2.38978
1.4765	-0.000137	-5.364447E-6	0.000137	2.390557
1.476	-0.000132	-6.834693E-6	0.000133	2.396557
1.4755	-0.000128	-6.596273E-6	0.000128	2.400447
1.475	-0.000123	-5.48366E-6	0.000123	2.404667
1.4745	-0.000119	-6.8943E-6	0.000119	2.410447
1.474	-0.000117	-7.510223E-6	0.000117	2.41489
1.4735	-0.000115	-7.25193E-6	0.000115	2.419997
1.473	-0.000114	-5.543263E-6	0.000114	2.425557
1.4725	-0.000114	-6.31812E-6	0.000114	2.430337
1.472	-0.000114	-7.589697E-6	0.000115	2.43533
1.4715	-0.000114	-7.25193E-6	0.000114	2.439777
1.471	-0.000112	-5.86115E-6	0.000112	2.44378
1.4705	-0.000111	-6.377727E-6	0.000111	2.449
1.47	-0.000108	-3.596163E-6	0.000108	2.45322
1.4695	-0.000105	-2.70209E-6	0.000105	2.45733
1.469	-9.97388E-5	-4.490247E-6	9.97588E-5	2.463553
1.4685	-9.151347E-5	-4.609457E-6	9.153333E-5	2.47022
1.468	-7.895677E-5	-5.066423E-6	7.901637E-5	2.473447
1.4675	-6.296277E-5	-5.30484E-6	6.3082E-5	2.476777
1.467	-4.41077E-5	-3.258403E-6	4.408783E-5	2.483777
1.4665	-2.3385E-5	-1.27157E-6	2.32658E-5	2.48889
1.466	3.059717E-6	-6.755227E-7	3.894187E-6	2.49267
1.4655	3.272313E-5	1.509993E-6	3.284237E-5	2.499443
1.465	6.620133E-5	3.67564E-6	6.64E-5	2.504447
1.4645	0.000103	6.0201E-6	0.000103	2.509447
1.464	0.000141	7.78839E-6	0.000141	2.51422
1.4635	0.000182	1.255677E-5	0.000183	2.521113
1.463	0.000227	1.54377E-5	0.000227	2.525777
1.4625	0.00027	1.450387E-5	0.000271	2.53489
1.462	0.000314	1.609337E-5	0.000315	2.538447
1.4615	0.000361	2.05041E-5	0.000361	2.54311
1.461	0.000407	2.73189E-5	0.000408	2.55178
1.4605	0.00045	3.133243E-5	0.000451	2.557443
1.46	0.000486	3.198803E-5	0.000487	2.562777
1.4595	0.000515	3.30212E-5	0.000516	2.568447
1.459	0.000539	3.405437E-5	0.00054	2.57611
1.4585	0.00056	3.57034E-5	0.000561	2.581667
1.458	0.000574	3.631937E-5	0.000575	2.58911
1.4575	0.000577	3.625977E-5	0.000578	2.592777
1.457	0.000569	3.556433E-5	0.00057	2.600333
1.4565	0.000553	3.45113E-5	0.000554	2.603113
1.456	0.000529	3.349803E-5	0.00053	2.61311
1.4555	0.000497	2.984217E-5	0.000497	2.618557
1.455	0.000453	2.58884E-5	0.000453	2.622553
1.4545	0.000402	2.04048E-5	0.000402	2.626667
1.454	0.000345	1.742453E-5	0.000345	2.631777
1.4535	0.00028	1.335147E-5	0.00028	2.639887
1.453	0.000208	7.68905E-6	0.000208	2.644223
1.4525	0.000133	1.211968E-6	0.000133	2.648447
1.452	5.092253E-5	-4.629323E-6	5.090267E-5	2.65311
1.4515	-3.27033E-5	-1.05501E-5	3.4551E-5	2.662
1.451	-0.000112	-1.696757E-5	0.000114	2.664223
1.4505	-0.000191	-2.259027E-5	0.000192	2.667667
1.45	-0.000267	-2.73785E-5	0.000269	2.67578
1.4495	-0.000339	-3.155093E-5	0.000341	2.677777
1.449	-0.000405	-3.679617E-5	0.000406	2.686667
1.4485	-0.000462	-4.0591E-5	0.000464	2.69089
1.448	-0.000511	-4.343213E-5	0.000513	2.694447
1.4475	-0.000551	-4.607463E-5	0.000553	2.70311
1.447	-0.000578	-4.853827E-5	0.00058	2.70622
1.4465	-0.000597	-5.026683E-5	0.000599	2.709557
1.446	-0.000604	-4.881643E-5	0.000606	2.714777
1.4455	-0.0006	-4.617397E-5	0.000602	2.721667
1.445	-0.000587	-4.400833E-5	0.000589	2.727337
1.4445	-0.000564	-4.168377E-5	0.000565	2.730777
1.444	-0.000531	-3.804783E-5	0.000532	2.736223
1.4435	-0.000489	-3.274303E-5	0.00049	2.741777
1.443	-0.000437	-2.884877E-5	0.000437	2.748557
1.4425	-0.000376	-2.40009E-5	0.000376	2.753667
1.442	-0.000308	-1.84577E-5	0.000309	2.757443
1.4415	-0.000236	-1.124547E-5	0.000236	2.766667
1.441	-0.000158	-6.079703E-6	0.000158	2.76711
1.4405	-7.444667E-5	-3.774963E-7	7.414863E-5	2.773777
1.44	1.629203E-5	6.97378E-6	1.845769E-5	2.782113
1.4395	0.000109	1.521917E-5	0.000111	2.78589
1.439	0.000207	2.227237E-5	0.000208	2.791333
1.4385	0.000306	3.043827E-5	0.000308	2.79611
1.438	0.000398	3.995517E-5	0.000401	2.800447
1.4375	0.00049	4.60945E-5	0.000492	2.807557
1.437	0.000581	5.187613E-5	0.000583	2.814333
1.4365	0.000666	5.80353E-5	0.000669	2.817333
1.436	0.000742	6.312177E-5	0.000745	2.824223
1.4355	0.000808	6.550597E-5	0.000811	2.82933
1.435	0.000857	6.789017E-5	0.00086	2.83589
1.4345	0.000889	6.94399E-5	0.000891	2.842443
1.434	0.000896	6.94399E-5	0.000899	2.848447
1.4335	0.000874	6.622123E-5	0.000876	2.851003
1.433	0.000824	6.175087E-5	0.000826	2.85811
1.4325	0.000745	5.582993E-5	0.000747	2.866337
1.432	0.000634	4.736603E-5	0.000636	2.871443
1.4315	0.000491	3.534577E-5	0.000491	2.875777
1.431	0.000316	2.165647E-5	0.000316	2.880113
1.4305	0.000121	5.80155E-6	0.000121	2.88689
1.43	-8.86324E-5	-9.9143E-6	8.970543E-5	2.892777
1.4295	-0.000303	-2.610697E-5	0.000304	2.900447
1.429	-0.000509	-4.23195E-5	0.000511	2.903777
1.4285	-0.000695	-5.938643E-5	0.000698	2.90989
1.428	-0.000852	-7.319497E-5	0.000855	2.915333
1.4275	-0.000965	-8.181777E-5	0.000968	2.920557
1.427	-0.001022	-8.87915E-5	0.001026	2.929777
1.4265	-0.001018	-9.17916E-5	0.001022	2.934447
1.426	-0.00095	-8.85531E-5	0.000954	2.940223
1.4255	-0.000821	-8.14204E-5	0.000824	2.943
1.425	-0.000633	-6.80491E-5	0.000636	2.950667
1.4245	-0.000393	-5.13198E-5	0.000396	2.953223
1.424	-0.000127	-3.341853E-5	0.000131	2.960443
1.4235	0.000147	-1.223886E-5	0.000148	2.96667
1.423	0.000401	9.49705E-6	0.000402	2.97589
1.4225	0.000622	2.85905E-5	0.000624	2.983443
1.422	0.000801	4.47236E-5	0.000803	2.989333
1.4215	0.000926	5.714123E-5	0.000928	2.997443
1.421	0.000996	6.651923E-5	0.000998	3.003337
1.4205	0.001013	7.218167E-5	0.001015	3.015443
1.42	0.000981	7.52811E-5	0.000983	3.027553
1.4195	0.000906	7.343337E-5	0.000909	3.038333
1.419	0.000801	6.663847E-5	0.000803	3.051333
1.4185	0.000677	5.753857E-5	0.000679	3.064887
1.418	0.000545	4.468387E-5	0.000547	3.078443
1.4175	0.000418	3.47696E-5	0.000419	3.095443
1.417	0.000299	2.680233E-5	0.0003	3.106667
1.4165	0.000195	1.873583E-5	0.000196	3.12222
1.416	0.000111	1.239783E-5	0.000112	3.140333
1.4155	4.887603E-5	7.073113E-6	4.923367E-5	3.152887
1.415	5.225383E-6	3.11933E-6	6.37773E-6	3.170553
1.4145	-2.52526E-5	-3.437217E-6	2.549103E-5	3.186777
1.414	-4.261757E-5	-6.934037E-6	4.3154E-5	3.204557
1.4135	-5.074363E-5	-5.245237E-6	5.098207E-5	3.218667
1.413	-5.32868E-5	-4.07301E-6	5.3406E-5	3.235667
1.4125	-4.977013E-5	-2.980247E-6	4.979E-5	3.253223
1.412	-4.4962E-5	-1.013285E-6	4.488253E-5	3.271337
1.4115	-3.856443E-5	-1.78815E-7	3.848497E-5	3.283333
1.411	-3.500803E-5	-5.761817E-7	3.494843E-5	3.303447
1.4105	-2.962363E-5	-6.95391E-7	2.950443E-5	3.322663
1.41	-2.412013E-5	3.97366E-7	2.404063E-5	3.339667
1.4095	-1.859677E-5	5.960503E-8	1.853717E-5	3.352777
1.409	-1.690793E-5	-7.74864E-7	1.684833E-5	3.371667
1.4085	-1.587487E-5	-2.98025E-7	1.58152E-5	3.386
1.408	-1.6153E-5	4.37103E-7	1.60934E-5	3.401443
1.4075	-1.7504E-5	1.78815E-6	1.752387E-5	3.422113
1.407	-2.042463E-5	2.702093E-6	2.054383E-5	3.437667
1.4065	-2.37029E-5	-1.589466E-7	2.36433E-5	3.457333
1.406	-2.6703E-5	1.589467E-7	2.66434E-5	3.475443
1.4055	-2.837193E-5	1.132496E-6	2.83322E-5	3.487557
1.405	-3.222647E-5	3.000117E-6	3.232583E-5	3.508447
1.4045	-3.661737E-5	1.80802E-6	3.65975E-5	3.52467
1.404	-3.943863E-5	-1.748413E-6	3.943863E-5	3.542
1.4035	-4.19619E-5	-3.13919E-6	4.204137E-5	3.560443
1.403	-4.573687E-5	-3.27827E-6	4.57766E-5	3.576553
1.4025	-5.151853E-5	-2.30473E-6	5.155827E-5	3.594887
1.402	-5.426037E-5	-2.3842E-6	5.424047E-5	3.612003
1.4015	-5.56511E-5	-2.662353E-6	5.5671E-5	3.631
1.401	-5.813463E-5	-2.3842E-6	5.813463E-5	3.647443
1.4005	-6.067777E-5	-4.192223E-6	6.077717E-5	3.663447
1.4	-6.290323E-5	-3.457083E-6	6.29231E-5	3.684223
1.3995	-6.387673E-5	-1.053023E-6	6.381713E-5	3.701667
1.399	-6.220783E-5	-4.96709E-7	6.212837E-5	3.722333
1.3985	-6.471127E-5	-5.364447E-7	6.465163E-5	3.739
1.398	-6.709543E-5	-1.49012E-6	6.703583E-5	3.759557
1.3975	-6.691663E-5	-2.086177E-6	6.689677E-5	3.77622
1.397	-6.465167E-5	-1.9471E-6	6.463177E-5	3.791997
1.3965	-6.115477E-5	-1.728543E-6	6.11349E-5	3.811443
1.396	-5.851213E-5	-1.50999E-6	5.845253E-5	3.828667
1.3955	-5.75783E-5	-1.847753E-6	5.753857E-5	3.84689
1.395	-5.839293E-5	-1.708673E-6	5.833333E-5	3.864333
1.3945	-5.879027E-5	-1.390783E-7	5.873067E-5	3.88211
1.394	-5.755843E-5	4.967083E-7	5.749883E-5	3.902553
1.3935	-5.394243E-5	1.589466E-7	5.388283E-5	3.922667
1.393	-5.070393E-5	-6.95391E-7	5.064433E-5	3.93978
1.3925	-4.945223E-5	-1.64907E-6	4.943237E-5	3.957113
1.392	-4.93529E-5	9.139443E-7	4.92933E-5	3.97611
1.3915	-4.80416E-5	8.146013E-7	4.7982E-5	3.99511
1.391	-4.47832E-5	-2.3842E-7	4.470373E-5	4.01322
1.3905	-4.013403E-5	7.15259E-7	4.005457E-5	4.032333
1.39	-3.731273E-5	1.41065E-6	3.725313E-5	4.048113
1.3895	-3.639883E-5	1.072891E-6	3.637897E-5	4.067333
1.389	-3.530607E-5	-4.7684E-7	3.524647E-5	4.08722
1.3885	-3.27828E-5	-1.9471E-6	3.276293E-5	4.105777
1.388	-3.262387E-5	-2.880903E-6	3.268347E-5	4.117553
1.3875	-3.24053E-5	-6.755233E-7	3.23457E-5	4.13811
1.387	-2.978257E-5	1.86762E-6	2.980243E-5	4.159777
1.3865	-2.660367E-5	3.17893E-6	2.672287E-5	4.17789
1.386	-2.51533E-5	-5.960567E-8	2.50937E-5	4.193557
1.3855	-2.459693E-5	-9.536803E-7	2.453733E-5	4.21211
1.385	-2.354397E-5	-2.78157E-7	2.348433E-5	4.234
1.3845	-2.12591E-5	2.12591E-6	2.127897E-5	4.249557
1.384	-1.708677E-5	3.377613E-6	1.73252E-5	4.268223
1.3835	-1.46628E-5	4.05314E-6	1.51595E-5	4.28833
1.383	-1.420587E-5	3.61603E-6	1.46032E-5	4.30722
1.3825	-1.39475E-5	3.27827E-6	1.428533E-5	4.321557
1.382	-1.2974E-5	2.0067E-6	1.309323E-5	4.338
1.3815	-1.05302E-5	2.06631E-6	1.06693E-5	4.355557
1.381	-9.07983E-6	1.29144E-6	9.0997E-6	4.37489
1.3805	-8.30497E-6	1.132497E-6	8.324837E-6	4.394557
1.38	-8.861283E-6	2.245123E-6	9.07983E-6	4.410777
1.3795	-7.68905E-6	2.4438E-6	8.026817E-6	4.426
1.379	-7.092983E-6	1.39078E-6	7.172457E-6	4.445443
1.3785	-3.993537E-6	9.139427E-7	4.033273E-6	4.464
1.378	-2.72196E-6	4.37103E-7	2.70209E-6	4.484223
1.3775	-3.000117E-6	-3.178937E-7	2.94051E-6	4.50122
1.377	-3.27827E-6	1.78815E-7	3.21867E-6	4.51778
1.3765	-2.24512E-6	1.132494E-6	2.48354E-6	4.533777
1.376	3.973663E-7	3.27827E-6	3.318003E-6	4.54889
1.3755	3.973667E-7	2.960377E-6	2.980247E-6	4.569667
1.375	-6.75523E-7	-1.390783E-7	7.549957E-7	4.583997
1.3745	6.95391E-7	-2.702093E-6	2.72196E-6	4.60311
1.374	3.576303E-7	-6.1592E-7	6.755233E-7	4.622667
1.3735	-4.37103E-7	6.357863E-7	7.74864E-7	4.641223
1.373	-2.3842E-7	1.78815E-7	2.582883E-7	4.65989
1.3725	-5.165767E-7	3.17893E-7	5.76181E-7	4.678
1.372	-1.827887E-6	1.1921E-6	2.16565E-6	4.692333
1.3715	5.56313E-7	2.582883E-6	2.642487E-6	4.70789
1.371	1.78815E-7	2.96038E-6	2.98025E-6	4.725223
1.3705	-1.549727E-6	3.27827E-6	3.61603E-6	4.742
1.37	1.072888E-6	3.437213E-6	3.635897E-6	4.761
1.3695	4.490247E-6	8.146017E-7	4.56972E-6	4.773557
1.369	3.000117E-6	9.93417E-8	2.980247E-6	4.796223
1.3685	1.728543E-6	4.13261E-6	4.510107E-6	4.808887
1.368	2.761697E-6	5.861153E-6	6.496937E-6	4.830333
1.3675	2.563013E-6	2.106043E-6	3.31801E-6	4.844333
1.367	-1.072888E-6	1.251703E-6	1.609333E-6	4.859777
1.3665	-2.463673E-6	4.371033E-7	2.443807E-6	4.879997
1.366	8.543367E-7	-4.371037E-7	9.934153E-7	4.89611
1.3655	3.47695E-6	1.053024E-6	3.616027E-6	4.911003
1.365	1.132495E-6	1.390783E-6	1.78815E-6	4.929777
1.3645	-1.748413E-6	-1.39078E-7	1.728543E-6	4.948777
1.364	-2.543143E-6	-4.967087E-7	2.543147E-6	4.962777
1.3635	-2.384197E-7	8.742063E-7	8.940747E-7	4.984557
1.363	4.967087E-7	1.033157E-6	1.172233E-6	4.996333
1.3625	-3.178934E-7	5.563137E-7	6.55655E-7	5.015113
1.362	-1.6292E-6	2.60275E-6	3.079587E-6	5.031223
1.3615	-3.774987E-6	2.940513E-6	4.768403E-6	5.044223
1.361	-2.72196E-6	1.450387E-6	3.019983E-6	5.065777
1.3605	-5.960497E-8	1.50999E-6	1.52986E-6	5.086
1.36	-1.827883E-6	1.649067E-6	2.443803E-6	5.09889
1.3595	-3.437213E-6	4.172344E-7	3.417347E-6	5.118113
1.359	-4.56972E-6	-1.1921E-6	4.649193E-6	5.132113
1.3585	-4.649193E-6	-1.98683E-8	4.589587E-6	5.15
1.358	-5.00682E-6	1.092758E-6	5.10616E-6	5.16511
1.3575	-6.159177E-6	1.231837E-6	6.23865E-6	5.184667
1.357	-4.013403E-6	2.106043E-6	4.510117E-6	5.201443
1.3565	-2.304727E-6	4.092883E-6	4.66906E-6	5.221337
1.356	-4.947213E-6	3.755113E-6	6.21878E-6	5.237337
1.3555	-4.96708E-6	2.52328E-6	5.523393E-6	5.25289
1.355	-3.635903E-6	3.755113E-6	5.22537E-6	5.271443
1.3545	-2.781567E-6	4.649193E-6	5.424053E-6	5.288997
1.354	-4.708797E-6	1.132495E-6	4.828007E-6	5.307223
1.3535	-7.25193E-6	-6.755227E-7	7.23206E-6	5.323443
1.353	-6.0201E-6	1.92723E-6	6.298253E-6	5.341443
1.3525	-5.56313E-6	2.46367E-6	6.0201E-6	5.358443
1.352	-4.788267E-6	2.16565E-6	5.185633E-6	5.369663
1.3515	-4.3313E-6	2.364333E-6	4.86774E-6	5.39289
1.351	-5.10616E-6	1.76828E-6	5.34458E-6	5.409447
1.3505	-4.152483E-6	9.338123E-7	4.192223E-6	5.42922
1.35	-1.64907E-6	8.146003E-7	1.788147E-6	5.44389
1.3495	-2.006703E-6	1.589463E-6	2.523273E-6	5.46022
1.349	-3.019983E-6	1.609333E-6	3.39748E-6	5.48389
1.3485	-4.073013E-6	1.74841E-6	4.390903E-6	5.496337
1.348	-6.00023E-6	2.940513E-6	6.63601E-6	5.51611
1.3475	-4.45051E-6	1.192093E-7	4.410773E-6	5.531223
1.347	-3.000117E-6	-3.278267E-6	4.390903E-6	5.550887
1.3465	-2.980247E-6	-3.17893E-6	4.29156E-6	5.565887
1.346	1.589467E-7	-2.98025E-6	2.94051E-6	5.58511
1.3455	-9.934163E-7	-3.33787E-6	3.457083E-6	5.60122
1.345	-2.26499E-6	-1.549731E-6	2.72196E-6	5.61933
1.3445	-3.33787E-6	1.966963E-6	3.854457E-6	5.635113
1.344	-3.000117E-6	2.74183E-6	4.053143E-6	5.652667
1.3435	-3.099457E-6	2.404067E-6	3.874327E-6	5.671223
1.343	-2.264993E-6	1.78815E-6	2.84117E-6	5.689337
1.3425	-1.569597E-6	1.589467E-7	1.529857E-6	5.70489
1.342	-2.70209E-6	-1.78815E-6	3.15906E-6	5.72067
1.3415	-6.039967E-6	-2.404067E-6	6.43733E-6	5.741667
1.341	-7.172457E-6	-2.344463E-6	7.470487E-6	5.757553
1.3405	-6.99364E-6	-3.973673E-8	6.934037E-6	5.77522
1.34	-8.463917E-6	-1.589466E-7	8.404313E-6	5.796777
1.3395	-7.92748E-6	1.6292E-6	8.046687E-6	5.809777
1.339	-7.609567E-6	1.827887E-6	7.808267E-6	5.826557
1.3385	-7.66918E-6	2.364333E-6	7.96721E-6	5.845777
1.338	-7.172457E-6	1.6292E-6	7.311533E-6	5.86089
1.3375	-7.530093E-6	1.41065E-6	7.609573E-6	5.880443
1.337	-7.728793E-6	3.973663E-7	7.66919E-6	5.893887
1.3365	-8.2255E-6	4.967083E-7	8.20563E-6	5.912557
1.336	-8.841417E-6	1.172233E-6	8.88115E-6	5.929
1.3355	-8.78181E-6	-7.54996E-7	8.78181E-6	5.942557
1.335	-8.52352E-6	-1.2517E-6	8.56326E-6	5.956557
1.3345	-8.960623E-6	9.934167E-8	8.901017E-6	5.971667
1.334	-9.636127E-6	2.98025E-7	9.59639E-6	5.989663
1.3335	-1.355017E-5	2.70209E-6	1.37687E-5	6.002333
1.333	-1.34707E-5	4.967083E-6	1.434493E-5	6.01789
1.3325	-1.343097E-5	2.900773E-6	1.37091E-5	6.032557
1.332	-1.321243E-5	-8.344713E-7	1.319257E-5	6.04789
1.3315	-1.182167E-5	-1.07289E-6	1.18018E-5	6.058777
1.331	-1.106663E-5	-5.563137E-7	1.100703E-5	6.07589
1.3305	-1.07885E-5	5.165763E-7	1.070903E-5	6.091447
1.33	-1.074877E-5	1.78815E-7	1.068917E-5	6.099
1.3295	-1.154353E-5	5.960503E-7	1.152367E-5	6.114443
1.329	-1.094743E-5	-1.291441E-6	1.094743E-5	6.131333
1.3285	-1.053023E-5	-8.344713E-7	1.051037E-5	6.141443
1.328	-1.100703E-5	-3.973663E-7	1.094743E-5	6.159113
1.3275	-1.07885E-5	-7.74864E-7	1.076863E-5	6.17489
1.327	-1.309323E-5	4.371023E-7	1.30535E-5	6.191997
1.3265	-1.424557E-5	2.58288E-6	1.44641E-5	6.20389
1.326	-1.86365E-5	2.8213E-6	1.877557E-5	6.22389
1.3255	-1.903387E-5	2.582883E-6	1.915307E-5	6.232
1.325	-1.710663E-5	3.37762E-7	1.704703E-5	6.256
1.3245	-1.4782E-5	-9.53683E-7	1.474227E-5	6.271887
1.324	-1.42257E-5	-7.947323E-7	1.420583E-5	6.28489
1.3235	-1.660993E-5	-1.430517E-6	1.660993E-5	6.307
1.323	-1.653047E-5	4.569717E-7	1.649073E-5	6.322777
1.3225	-1.345083E-5	1.6292E-6	1.351047E-5	6.338777
1.322	-1.041103E-5	1.986833E-6	1.05501E-5	6.355667
1.3215	-1.207993E-5	-5.761813E-7	1.20402E-5	6.369557
1.321	-1.35303E-5	-6.15918E-7	1.34707E-5	6.391337
1.3205	-1.229847E-5	-7.947323E-7	1.225873E-5	6.406777
1.32	-1.11461E-5	6.95391E-7	1.110637E-5	6.420447
1.3195	-8.364577E-6	1.331177E-6	8.404313E-6	6.43889
1.319	-8.44405E-6	3.13919E-6	9.000357E-6	6.448
1.3185	-1.20203E-5	3.377613E-6	1.243757E-5	6.46422
1.318	-1.416613E-5	8.34468E-7	1.414623E-5	6.473667
1.3175	-1.164283E-5	-9.934177E-7	1.158323E-5	6.484557
1.317	-1.076863E-5	-8.543393E-7	1.074877E-5	6.499003
1.3165	-9.735487E-6	-7.152593E-7	9.69575E-6	6.506667
1.316	-9.45733E-6	-1.231837E-6	9.45733E-6	6.520223
1.3155	-1.00931E-5	-2.781563E-6	1.043088E-5	6.531447
1.315	-9.49705E-6	-9.73548E-7	9.477183E-6	6.543997
1.3145	-7.212193E-6	8.74206E-7	7.23206E-6	6.556223
1.314	-7.291663E-6	-8.146013E-7	7.291663E-6	6.570223
1.3135	-5.56313E-6	-2.125913E-6	5.900887E-6	6.586667
1.313	-5.841283E-6	-3.05972E-6	6.516803E-6	6.598443
1.3125	-4.23196E-6	-2.24512E-6	4.728663E-6	6.615667
1.312	-4.529983E-6	2.781564E-7	4.470377E-6	6.627333
1.3115	-5.78168E-6	-7.15259E-7	5.78168E-6	6.647777
1.311	-6.55654E-6	-1.688807E-6	6.715487E-6	6.661887
1.3105	-6.834693E-6	-1.589463E-6	6.934037E-6	6.67189
1.31	-6.020097E-6	2.185517E-7	5.960497E-6	6.684667
1.3095	-2.602747E-6	-1.98683E-8	2.503407E-6	6.701113
1.309	-3.894193E-6	-9.934167E-8	3.83459E-6	6.71467
1.3085	-4.56972E-6	2.205383E-6	5.046557E-6	6.721223
1.308	-4.490247E-6	1.549727E-6	4.688927E-6	6.734667
1.3075	-3.953807E-6	-5.9605E-8	3.894193E-6	6.746887
1.307	-5.006817E-6	-1.569597E-6	5.2055E-6	6.762887
1.3065	-3.238533E-6	-2.861037E-6	4.251827E-6	6.767447
1.306	-1.31131E-6	-1.31131E-6	1.808017E-6	6.786
1.3055	-7.351287E-7	-3.635903E-6	3.65577E-6	6.799887
1.305	-2.3842E-6	-5.08629E-6	5.563133E-6	6.811667
1.3045	-1.847753E-6	-3.27827E-6	3.695507E-6	6.82489
1.304	-1.29144E-6	-3.03985E-6	3.238537E-6	6.835553
1.3035	-3.77498E-7	-3.576293E-6	3.516687E-6	6.84911
1.303	-9.536803E-7	-2.48354E-6	2.58288E-6	6.864
1.3025	-1.39078E-6	-2.3246E-6	2.642487E-6	6.88
1.302	-1.053023E-6	-1.470257E-6	1.74841E-6	6.89311
1.3015	7.15261E-7	-4.7684E-7	8.543397E-7	6.89889
1.301	2.940513E-6	-1.370913E-6	3.258403E-6	6.914333
1.3005	2.3842E-7	-1.37091E-6	1.370913E-6	6.926887
1.3	1.589467E-7	-2.06631E-6	2.02657E-6	6.935337
1.2995	1.569593E-6	-3.9737E-8	1.589463E-6	6.94511
1.299	-2.582883E-7	1.251703E-6	1.29144E-6	6.960443
1.2985	-1.847753E-6	7.152607E-7	1.966967E-6	6.975223
1.298	-2.60275E-6	-1.54973E-6	2.96038E-6	6.987663
1.2975	3.17893E-7	-2.225257E-6	2.20539E-6	6.996443
1.297	1.589463E-6	-2.682223E-6	3.07959E-6	7.008333
1.2965	6.556547E-7	-1.152363E-6	1.271573E-6	7.020887
1.296	1.251703E-6	3.774977E-7	1.29144E-6	7.038223
1.2955	-5.364447E-7	-3.17893E-7	5.76181E-7	7.049663
1.295	-2.08618E-6	1.589467E-6	2.642487E-6	7.060777
1.2945	-3.27827E-6	2.26499E-6	3.953803E-6	7.069557
1.294	-3.794853E-6	1.132497E-6	3.914063E-6	7.07822
1.2935	-1.271571E-6	3.377617E-7	1.231835E-6	7.092333
1.293	5.364447E-7	-2.006703E-6	2.02657E-6	7.106447
1.2925	-1.251704E-6	-1.6292E-6	2.02657E-6	7.11978
1.292	-2.761697E-6	1.29144E-6	3.019983E-6	7.127333
1.2915	-2.04644E-6	1.947097E-6	2.781563E-6	7.140447
1.291	4.56972E-7	-9.33812E-7	1.013286E-6	7.157
1.2905	3.576303E-7	-6.159177E-7	7.152597E-7	7.17311
1.29	1.430517E-6	-1.986833E-6	2.423937E-6	7.18233
1.2895	1.251704E-6	-1.251703E-6	1.708677E-6	7.189667
1.289	-1.450387E-6	-4.76841E-7	1.49012E-6	7.195113
1.2885	-1.9471E-6	-3.576303E-7	1.92723E-6	7.209553
1.288	-1.688807E-6	1.112627E-6	1.966967E-6	7.221443
1.2875	-3.496827E-6	1.78815E-6	3.874327E-6	7.23389
1.287	-4.311433E-6	1.529857E-6	4.529983E-6	7.242667
1.2865	-3.556423E-6	2.761697E-6	4.490243E-6	7.24989
1.286	-3.298137E-6	1.54973E-6	3.59616E-6	7.26289
1.2855	-3.61603E-6	3.973667E-8	3.556423E-6	7.27522
1.285	-4.271693E-6	3.97366E-7	4.251827E-6	7.281
1.2845	-5.523393E-6	9.13944E-7	5.56313E-6	7.29522
1.284	-4.808137E-6	3.178933E-7	4.768403E-6	7.305333
1.2835	-5.32471E-6	-1.390783E-7	5.265107E-6	7.31767
1.283	-5.34458E-6	-9.338123E-7	5.364447E-6	7.32789
1.2825	-3.655773E-6	3.377623E-7	3.635897E-6	7.338667
1.282	-2.92064E-6	3.655767E-6	4.649193E-6	7.350333
1.2815	-2.682223E-6	1.291441E-6	3.019987E-6	7.360443
1.281	-4.35117E-6	-2.086177E-6	4.7684E-6	7.373443
1.2805	-5.364447E-6	-2.26499E-6	5.78168E-6	7.389887
1.28	-2.841167E-6	7.947323E-7	2.920643E-6	7.39989
1.2795	-2.344467E-6	-4.967087E-7	2.344467E-6	7.403447
1.279	-2.68222E-6	6.75522E-7	2.72196E-6	7.419777
1.2785	-2.46367E-6	1.1921E-6	2.70209E-6	7.425667
1.278	-3.61603E-6	3.616027E-6	5.10616E-6	7.44311
1.2775	-2.18552E-6	1.271571E-6	2.503407E-6	7.445777
1.277	-3.37761E-6	3.97366E-7	3.357743E-6	7.468443
1.2765	-4.19222E-6	9.934167E-8	4.132617E-6	7.477777
1.276	-4.092883E-6	-3.576293E-7	4.053143E-6	7.489887
1.2755	-3.079587E-6	1.430517E-6	3.35774E-6	7.497777
1.275	-2.761697E-6	2.761697E-6	3.874323E-6	7.509777
1.2745	-2.006703E-6	2.225253E-6	2.94051E-6	7.51811
1.274	-2.8213E-6	6.35786E-7	2.880907E-6	7.532443
1.2735	-3.894197E-6	5.76181E-7	3.874323E-6	7.538
1.273	-2.94051E-6	1.152363E-6	3.119323E-6	7.55011
1.2725	-2.185517E-7	4.37103E-7	5.36444E-7	7.56722
1.272	-1.1921E-7	6.556547E-7	6.75523E-7	7.571333
1.2715	1.013284E-6	1.549727E-6	1.90736E-6	7.581667
1.271	5.304843E-6	1.291443E-6	5.483657E-6	7.595443
1.2705	4.967083E-6	-2.58288E-7	4.967083E-6	7.608333
1.27	5.324713E-6	-1.07289E-6	5.42405E-6	7.616113
1.2695	6.09957E-6	-1.708673E-6	6.33799E-6	7.627
1.269	8.404313E-6	1.668937E-6	8.56326E-6	7.634447
1.2685	1.019247E-5	5.76181E-7	1.021233E-5	7.64611
1.268	1.14243E-5	-2.582883E-7	1.14243E-5	7.654667
1.2675	1.098717E-5	-9.934167E-8	1.100703E-5	7.66489
1.267	1.12653E-5	2.0067E-6	1.144417E-5	7.676777
1.2665	1.162297E-5	1.827883E-6	1.17422E-5	7.68289
1.266	1.277533E-5	7.94732E-7	1.28151E-5	7.69578
1.2655	1.146403E-5	6.357867E-7	1.146403E-5	7.706777
1.265	1.074877E-5	7.947303E-8	1.076863E-5	7.713
1.2645	1.4027E-5	-6.953917E-7	1.4027E-5	7.725667
1.264	1.72259E-5	1.013287E-6	1.726563E-5	7.738
1.2635	1.72656E-5	-3.774983E-7	1.72656E-5	7.743667
1.263	2.028557E-5	-3.377617E-7	2.028557E-5	7.753557
1.2625	2.26499E-5	1.390783E-6	2.268963E-5	7.765887
1.262	2.30075E-5	1.748413E-6	2.30671E-5	7.773
1.2615	2.427907E-5	9.735487E-7	2.429893E-5	7.783667
1.261	2.52725E-5	1.351047E-6	2.53321E-5	7.788777
1.2605	2.50937E-5	4.58959E-6	2.553077E-5	7.80122
1.26	2.67626E-5	5.960493E-6	2.741827E-5	7.804887
1.2595	2.87693E-5	4.07301E-6	2.904747E-5	7.816557
1.259	2.960373E-5	3.337873E-6	2.98024E-5	7.824447
1.2585	2.990177E-5	3.774983E-6	3.012033E-5	7.83522
1.258	2.946467E-5	4.251827E-6	2.976267E-5	7.848777
1.2575	3.05774E-5	4.649193E-6	3.095487E-5	7.855777
1.257	3.099463E-5	3.29814E-6	3.113377E-5	7.859443
1.2565	3.238543E-5	1.9471E-6	3.248477E-5	7.867223
1.256	3.465037E-5	2.02657E-6	3.472987E-5	7.88
1.2555	3.63392E-5	2.56301E-6	3.641867E-5	7.888777
1.255	3.618027E-5	4.629323E-6	3.64783E-5	7.901333
1.2545	3.51074E-5	5.702207E-6	3.554447E-5	7.903443
1.254	3.506767E-5	4.251827E-6	3.53458E-5	7.909557
1.2535	3.61405E-5	4.510113E-6	3.641867E-5	7.91689
1.253	3.931943E-5	4.033277E-6	3.949823E-5	7.92811
1.2525	3.890223E-5	2.781563E-6	3.89817E-5	7.937667
1.252	3.83856E-5	4.748533E-6	3.866377E-5	7.93922
1.2515	3.923997E-5	4.56972E-6	3.95181E-5	7.941553
1.251	4.281623E-5	3.238537E-6	4.29553E-5	7.951557
1.2505	4.349173E-5	4.43064E-6	4.373017E-5	7.967557
1.25	4.17831E-5	6.715487E-6	4.23195E-5	7.971223
1.2495	4.24586E-5	4.927343E-6	4.277653E-5	7.980113
1.249	4.418717E-5	1.808017E-6	4.42269E-5	7.98811
1.2485	4.438583E-5	2.463673E-6	4.44653E-5	7.994443
1.248	4.323347E-5	4.64919E-6	4.3452E-5	7.996223
1.2475	4.194203E-5	4.728667E-6	4.222017E-5	8.003667
1.247	4.00943E-5	5.026687E-6	4.04122E-5	8.00878
1.2465	3.763063E-5	3.973667E-6	3.78492E-5	8.018553
1.246	3.925983E-5	4.033277E-6	3.949823E-5	8.022667
1.2455	3.874327E-5	6.397593E-6	3.92797E-5	8.032557
1.245	3.70147E-5	6.397597E-6	3.75313E-5	8.035333
1.2445	3.562393E-5	5.841283E-6	3.60809E-5	8.04189
1.244	3.39749E-5	4.88761E-6	3.431263E-5	8.04911
1.2435	3.550473E-5	3.75511E-6	3.57034E-5	8.057667
1.243	3.50875E-5	2.70209E-6	3.520673E-5	8.05889
1.2425	3.212713E-5	1.90736E-6	3.218673E-5	8.069667
1.242	2.99415E-5	3.496823E-6	3.014023E-5	8.074333
1.2415	3.047803E-5	2.463673E-6	3.057737E-5	8.082777
1.241	2.95044E-5	6.75523E-7	2.95044E-5	8.081553
1.2405	2.84514E-5	1.351043E-6	2.849113E-5	8.09089
1.24	2.829243E-5	2.94051E-6	2.849113E-5	8.096
1.2395	2.839177E-5	4.192223E-6	2.868983E-5	8.09922
1.239	2.757723E-5	3.8942E-6	2.785537E-5	8.105667
1.2385	2.86302E-5	4.470377E-6	2.898787E-5	8.11478
1.238	2.692153E-5	4.410773E-6	2.727917E-5	8.117
1.2375	2.39413E-5	2.900773E-6	2.408037E-5	8.126
1.237	2.191473E-5	2.94051E-6	2.21134E-5	8.131667
1.2365	2.251083E-5	4.31143E-6	2.292803E-5	8.132333
1.236	2.272937E-5	4.986953E-6	2.324593E-5	8.142553
1.2355	2.024583E-5	2.861037E-6	2.042463E-5	8.150777
1.235	1.760337E-5	5.424053E-6	1.8418E-5	8.15389
1.2345	1.653047E-5	4.96708E-6	1.724573E-5	8.154223
1.234	1.55569E-5	5.821413E-6	1.659007E-5	8.16311
1.2335	1.46032E-5	4.351167E-6	1.521913E-5	8.169443
1.233	1.237793E-5	2.761697E-6	1.27157E-5	8.17033
1.2325	1.243753E-5	2.026567E-6	1.25965E-5	8.17967
1.232	1.058983E-5	4.192223E-6	1.14044E-5	8.184443
1.2315	1.02521E-5	2.94051E-6	1.068917E-5	8.184333
1.231	1.007324E-5	3.39748E-6	1.06097E-5	8.19667
1.2305	8.742073E-6	3.99354E-6	9.616277E-6	8.202887
1.23	8.960623E-6	3.973673E-6	9.795087E-6	8.203443
1.2295	7.39101E-6	2.96038E-6	7.98708E-6	8.207777
1.229	4.947213E-6	1.90736E-6	5.284973E-6	8.211223
1.2285	2.74183E-6	6.55654E-7	2.8213E-6	8.223997
1.228	1.450387E-6	-4.7684E-7	1.52986E-6	8.227223
1.2275	1.6292E-6	6.159177E-7	1.76828E-6	8.229223
1.227	2.324593E-6	4.37103E-7	2.36433E-6	8.235997
1.2265	-2.26499E-6	-6.357867E-7	2.28486E-6	8.244223
1.226	-2.443803E-6	-2.781563E-7	2.3842E-6	8.245
1.2255	-2.06631E-6	-9.338137E-7	2.225257E-6	8.251557
1.225	-8.3447E-7	-3.17893E-7	7.947343E-7	8.254223
1.2245	1.986837E-8	1.589463E-6	1.609333E-6	8.261557
1.224	-2.423937E-6	1.490123E-6	2.841167E-6	8.267667
1.2235	-5.602867E-6	-1.986833E-7	5.54326E-6	8.269997
1.223	-7.96721E-6	-8.94076E-7	7.967213E-6	8.27689
1.2225	-9.95402E-6	-9.934163E-7	9.934163E-6	8.28089
1.222	-9.775207E-6	8.543367E-7	9.77521E-6	8.290667
1.2215	-1.10269E-5	2.22525E-6	1.116597E-5	8.289777
1.221	-1.013283E-5	2.4438E-6	1.03713E-5	8.29922
1.2205	-1.094743E-5	1.331177E-6	1.09673E-5	8.301557
1.22	-9.059963E-6	-1.251707E-6	9.07983E-6	8.310447
1.2195	-1.24773E-5	9.93417E-8	1.243757E-5	8.316667
1.219	-1.607353E-5	3.536563E-6	1.641127E-5	8.323443
1.2185	-1.44045E-5	2.423933E-6	1.45436E-5	8.325443
1.218	-1.309323E-5	-1.986833E-7	1.30535E-5	8.33211
1.2175	-1.67093E-5	8.940747E-7	1.668943E-5	8.336
1.217	-1.810003E-5	2.68222E-6	1.825897E-5	8.34511
1.2165	-1.670927E-5	1.351046E-6	1.670927E-5	8.347777
1.216	-1.539793E-5	-3.774977E-7	1.531847E-5	8.360557
1.2155	-1.394753E-5	1.74841E-6	1.400713E-5	8.364333
1.215	-1.60735E-5	4.490243E-6	1.66298E-5	8.364333
1.2145	-1.810003E-5	4.11275E-6	1.84776E-5	8.375667
1.214	-1.730533E-5	1.589467E-6	1.730533E-5	8.380667
1.2135	-1.62126E-5	-2.344463E-6	1.631193E-5	8.384447
1.213	-1.6749E-5	-3.238533E-6	1.698743E-5	8.391667
1.2125	-1.863653E-5	1.688807E-6	1.86564E-5	8.40222
1.212	-1.74047E-5	3.814723E-6	1.77623E-5	8.400997
1.2115	-1.89544E-5	2.96038E-6	1.915307E-5	8.409557
1.211	-2.167633E-5	-4.96708E-7	2.161673E-5	8.420003
1.2105	-2.084187E-5	-3.17893E-7	2.078223E-5	8.421557
1.21	-2.022597E-5	3.37762E-7	2.01465E-5	8.43022
1.2095	-1.75636E-5	9.338123E-7	1.75636E-5	8.432113
1.209	-1.710663E-5	1.64907E-6	1.716623E-5	8.447
1.2085	-2.072267E-5	3.655773E-6	2.100083E-5	8.44889
1.208	-2.280883E-5	5.145893E-6	2.334523E-5	8.456777
1.2075	-2.20737E-5	1.013286E-6	2.203397E-5	8.460663
1.207	-1.96895E-5	-6.556547E-7	1.96299E-5	8.472667
1.2065	-1.790137E-5	-1.07289E-6	1.786163E-5	8.473443
1.206	-1.929213E-5	-5.265103E-6	1.992793E-5	8.481553
1.2055	-1.923253E-5	-4.748533E-6	1.974917E-5	8.49211
1.205	-2.17558E-5	-2.582897E-7	2.171607E-5	8.486557
1.2045	-2.31863E-5	2.96038E-6	2.332537E-5	8.50189
1.204	-2.272937E-5	3.49682E-6	2.29479E-5	8.512003
1.2035	-2.376253E-5	2.006703E-6	2.380227E-5	8.51811
1.203	-2.340483E-5	3.735247E-6	2.364333E-5	8.52167
1.2025	-2.52526E-5	3.55643E-6	2.54712E-5	8.525887
1.202	-2.72593E-5	1.84775E-6	2.72593E-5	8.534
1.2015	-2.417973E-5	2.682223E-6	2.427907E-5	8.54011
1.201	-2.3842E-5	2.662353E-6	2.394133E-5	8.542
1.2005	-2.286843E-5	7.947347E-7	2.280883E-5	8.554777
1.2	-2.13982E-5	-9.93417E-8	2.13187E-5	8.554777
1.1995	-1.935173E-5	-9.536803E-7	1.9312E-5	8.564667
1.199	-2.185513E-5	-1.549727E-6	2.185513E-5	8.571557
1.1985	-2.03849E-5	-4.37103E-7	2.030543E-5	8.574113
1.198	-2.17558E-5	9.93417E-8	2.171607E-5	8.579997
1.1975	-2.370293E-5	1.88749E-6	2.37228E-5	8.584333
1.197	-2.223263E-5	2.463673E-6	2.231213E-5	8.59011
1.1965	-2.12194E-5	2.980247E-6	2.137833E-5	8.594667
1.196	-2.304723E-5	2.86104E-6	2.314657E-5	8.606
1.1955	-2.386187E-5	2.066307E-6	2.388173E-5	8.61111
1.195	-2.429893E-5	-1.529863E-6	2.429893E-5	8.615223
1.1945	-2.332537E-5	-2.523277E-6	2.338497E-5	8.618667
1.194	-2.362347E-5	-2.48354E-6	2.37228E-5	8.621667
1.1935	-2.243137E-5	-1.688807E-6	2.243137E-5	8.635
1.193	-2.1875E-5	-6.556547E-7	2.18154E-5	8.636777
1.1925	-2.07425E-5	-3.27827E-6	2.092133E-5	8.644
1.192	-1.964977E-5	-3.2584E-6	1.98485E-5	8.651337
1.1915	-2.203397E-5	-1.6292E-6	2.20737E-5	8.65189
1.191	-2.435853E-5	9.13941E-7	2.433867E-5	8.657443
1.1905	-2.4736E-5	3.655763E-6	2.495463E-5	8.658
1.19	-2.555063E-5	2.185517E-6	2.561023E-5	8.671
1.1895	-2.52129E-5	3.655767E-6	2.541157E-5	8.675003
1.189	-2.48354E-5	2.940513E-6	2.493473E-5	8.680333
1.1885	-2.517317E-5	6.75523E-7	2.511357E-5	8.68178
1.188	-2.427907E-5	2.185513E-6	2.433867E-5	8.689
1.1875	-2.129887E-5	3.55643E-6	2.153727E-5	8.696
1.187	-2.177567E-5	1.351044E-6	2.17558E-5	8.70078
1.1865	-2.243137E-5	-2.3842E-7	2.237177E-5	8.701997
1.186	-2.31267E-5	-2.3842E-7	2.30671E-5	8.701443
1.1855	-2.14578E-5	-3.81472E-6	2.16962E-5	8.70911
1.185	-2.1279E-5	-3.27827E-6	2.147767E-5	8.71178
1.1845	-2.062333E-5	-8.54338E-7	2.054387E-5	8.71689
1.184	-1.875573E-5	-1.172231E-6	1.873587E-5	8.719333
1.1835	-2.01465E-5	-1.490123E-6	2.01465E-5	8.725667
1.183	-2.00869E-5	-1.291443E-6	2.004717E-5	8.726777
1.1825	-1.964977E-5	9.735497E-7	1.961003E-5	8.72889
1.182	-2.20737E-5	1.450387E-6	2.205383E-5	8.734997
1.1815	-2.135843E-5	2.463673E-6	2.145777E-5	8.733777
1.181	-1.83186E-5	6.75523E-7	1.823913E-5	8.743223
1.1805	-1.980873E-5	1.88749E-6	1.984847E-5	8.745333
1.18	-1.990807E-5	1.808017E-6	1.99677E-5	8.742333
1.1795	-1.992797E-5	6.75523E-7	1.986837E-5	8.751113
1.179	-1.978887E-5	-4.967094E-7	1.972927E-5	8.747557
1.1785	-1.959017E-5	-2.702093E-6	1.972927E-5	8.755667
1.178	-2.018623E-5	-2.443803E-6	2.022597E-5	8.75
1.1775	-1.861667E-5	-3.27827E-6	1.88352E-5	8.762557
1.177	-1.678873E-5	-3.05972E-6	1.698743E-5	8.763443
1.1765	-1.617287E-5	-6.75523E-7	1.611327E-5	8.767667
1.176	-1.611327E-5	-1.708677E-6	1.6153E-5	8.767667
1.1755	-1.710663E-5	-4.76841E-7	1.70669E-5	8.769553
1.175	-1.664967E-5	8.742077E-7	1.664967E-5	8.769553
1.1745	-1.498067E-5	1.708673E-6	1.50204E-5	8.77322
1.174	-1.59543E-5	1.609333E-6	1.599407E-5	8.780557
1.1735	-1.730537E-5	4.7684E-7	1.726563E-5	8.777777
1.173	-1.736497E-5	-1.351047E-6	1.73451E-5	8.77811
1.1725	-1.802057E-5	-2.384197E-7	1.796097E-5	8.781
1.172	-1.766297E-5	3.49682E-6	1.792123E-5	8.78689
1.1715	-1.508E-5	5.086293E-6	1.585497E-5	8.78233
1.171	-1.384817E-5	6.834693E-6	1.539797E-5	8.78822
1.1705	-1.386803E-5	5.86115E-6	1.50204E-5	8.790887
1.17	-1.297403E-5	4.947213E-6	1.38283E-5	8.792
1.1695	-1.46628E-5	3.437213E-6	1.502043E-5	8.797667
1.169	-1.659007E-5	2.344463E-6	1.670927E-5	8.799003
1.1685	-1.527873E-5	7.549957E-7	1.525887E-5	8.799553
1.168	-1.01527E-5	2.165647E-6	1.035141E-5	8.800333
1.1675	-1.027194E-5	3.139193E-6	1.068913E-5	8.793333
1.167	-1.400713E-5	2.106047E-6	1.412637E-5	8.792887
1.1665	-1.4484E-5	1.31131E-6	1.4484E-5	8.792447
1.166	-1.327203E-5	-8.543393E-7	1.32323E-5	8.79222
1.1655	-1.502043E-5	-8.74206E-7	1.502043E-5	8.791887
1.165	-1.46032E-5	-2.622617E-6	1.4782E-5	8.799003
1.1645	-1.16627E-5	-2.225257E-6	1.180177E-5	8.80011
1.164	-8.920887E-6	-1.76828E-6	9.000357E-6	8.79622
1.1635	-1.072887E-5	-1.370917E-6	1.076863E-5	8.79811
1.163	-1.27157E-5	9.93418E-7	1.269583E-5	8.798003
1.1625	-1.50999E-5	-2.16565E-6	1.517937E-5	8.804
1.162	-1.698743E-5	-4.013407E-6	1.73848E-5	8.79822
1.1615	-1.49012E-5	-1.907357E-6	1.49608E-5	8.80511
1.161	-1.37091E-5	-2.205387E-6	1.380843E-5	8.805443
1.1605	-1.394753E-5	-2.364333E-6	1.41065E-5	8.80678
1.16	-1.452373E-5	2.384197E-7	1.446413E-5	8.811553
1.1595	-1.41065E-5	2.682223E-6	1.432507E-5	8.815
1.159	-1.1921E-5	5.205503E-6	1.297403E-5	8.812333
1.1585	-1.130503E-5	6.0201E-6	1.27356E-5	8.81567
1.158	-9.298383E-6	1.927227E-6	9.437447E-6	8.816667
1.1575	-6.75522E-6	-1.90736E-6	6.953903E-6	8.817557
1.157	-6.55654E-6	-1.05302E-6	6.596277E-6	8.819
1.1565	-6.87443E-6	3.019987E-6	7.45061E-6	8.827113
1.156	-7.271807E-6	1.09276E-6	7.33141E-6	8.829553
1.1555	-1.09077E-5	-2.165653E-6	1.104677E-5	8.82822
1.155	-9.55667E-6	9.735503E-7	9.536803E-6	8.840443
1.1545	-8.503653E-6	2.145783E-6	8.722203E-6	8.83789
1.154	-8.026817E-6	1.64907E-6	8.126157E-6	8.83978
1.1535	-9.139437E-6	4.967087E-7	9.079833E-6	8.83989
1.153	-7.78839E-6	1.708677E-6	7.967213E-6	8.845557
1.1525	-1.03117E-5	2.900773E-6	1.06693E-5	8.840223
1.152	-9.477197E-6	2.662353E-6	9.775207E-6	8.848777
1.1515	-5.68234E-6	1.311307E-6	5.761813E-6	8.853777
1.151	-6.794957E-6	2.145783E-6	7.092983E-6	8.858
1.1505	-4.96708E-6	1.50999E-6	5.145897E-6	8.85311
1.15	-3.198797E-6	2.384197E-6	3.9538E-6	8.85911
1.1495	-3.715373E-6	3.97367E-7	3.67564E-6	8.863223
1.149	-4.251823E-6	1.21197E-6	4.35117E-6	8.86689
1.1485	-4.053143E-6	3.03985E-6	5.046557E-6	8.870443
1.148	-5.54326E-6	4.629323E-6	7.192323E-6	8.872333
1.1475	-6.417463E-6	3.357743E-6	7.192323E-6	8.881333
1.147	-5.70221E-6	-2.781566E-7	5.66247E-6	8.88378
1.1465	-4.828007E-6	4.172353E-7	4.828007E-6	8.88789
1.146	-4.172353E-6	2.781563E-6	4.967083E-6	8.89311
1.1455	-1.430517E-6	2.741827E-6	3.099457E-6	8.900333
1.145	-1.331177E-6	4.967083E-6	5.165767E-6	8.899333
1.1445	-9.536803E-7	4.7684E-6	4.847873E-6	8.90511
1.144	-1.013287E-6	3.27827E-6	3.39748E-6	8.907
1.1435	-1.98683E-7	1.9471E-6	1.986833E-6	8.91211
1.143	4.56972E-7	4.112743E-6	4.17235E-6	8.914553
1.1425	1.390783E-7	5.42405E-6	5.42405E-6	8.918553
1.142	-2.682223E-6	4.15248E-6	4.94721E-6	8.92811
1.1415	-3.814723E-6	1.43052E-6	4.03327E-6	8.933553
1.141	-3.377613E-7	-3.576296E-7	6.159173E-7	8.938557
1.1405	3.774977E-7	-3.457087E-6	3.43722E-6	8.938887
1.14	-1.6292E-6	-4.88761E-6	5.10616E-6	8.948553
1.1395	-1.867623E-6	-4.371047E-7	1.907357E-6	8.953667
1.139	-3.2584E-6	3.496827E-6	4.748533E-6	8.956443
1.1385	-2.463673E-6	5.00682E-6	5.54326E-6	8.964557
1.138	8.14603E-7	5.563127E-6	5.642603E-6	8.96967
1.1375	1.668937E-6	5.66247E-6	5.920757E-6	8.976887
1.137	1.09276E-6	2.304727E-6	2.543143E-6	8.981003
1.1365	3.178934E-7	-1.470253E-6	1.470253E-6	8.980557
1.136	2.46367E-6	9.735473E-7	2.682223E-6	8.98633
1.1355	3.258403E-6	4.529983E-6	5.582997E-6	8.995887
1.135	4.172353E-7	3.73524E-6	3.77498E-6	8.995887
1.1345	-2.284863E-6	1.927227E-6	2.94051E-6	9.002443
1.134	-1.96697E-6	7.74864E-7	2.08618E-6	9.00922
1.1335	3.377613E-7	-5.761817E-7	6.755234E-7	9.020667
1.133	2.980247E-6	-2.3842E-6	3.794853E-6	9.02111
1.1325	5.821417E-6	-4.7684E-7	5.841283E-6	9.028443
1.132	6.75522E-6	3.97367E-8	6.75522E-6	9.03367
1.1315	6.000233E-6	2.582883E-7	6.000233E-6	9.043997
1.131	3.218667E-6	1.54973E-6	3.596167E-6	9.043557
1.1305	3.37761E-6	1.52986E-6	3.755113E-6	9.053553
1.13	3.953803E-6	2.185514E-7	3.97367E-6	9.065333
1.1295	4.21209E-6	7.3513E-7	4.31143E-6	9.06578
1.129	4.629323E-6	1.847753E-6	4.967083E-6	9.072
1.1285	2.96038E-6	6.15918E-7	3.059723E-6	9.080223
1.128	5.265107E-6	1.50999E-6	5.46379E-6	9.091333
1.1275	7.152587E-6	2.125913E-6	7.510223E-6	9.088997
1.127	8.622863E-6	1.728543E-6	8.78181E-6	9.095553
1.1265	6.00023E-6	2.761697E-6	6.636013E-6	9.106443
1.126	5.384317E-6	4.390903E-6	6.953903E-6	9.110663
1.1255	5.44392E-6	4.54985E-6	7.13272E-6	9.12078
1.125	5.583E-6	3.67564E-6	6.69562E-6	9.131223
1.1245	4.589587E-6	4.19222E-6	6.21878E-6	9.132223
1.124	5.22537E-6	3.914067E-6	6.55654E-6	9.133
1.1235	5.34458E-6	5.6426E-6	7.78839E-6	9.14889
1.123	6.278387E-6	5.761813E-6	8.503657E-6	9.14767
1.1225	8.424183E-6	4.609453E-6	9.636143E-6	9.160333
1.122	9.139437E-6	3.377617E-7	9.159307E-6	9.169887
1.1215	8.64273E-6	9.93418E-7	8.722203E-6	9.171
1.121	7.66919E-6	2.72196E-6	8.165893E-6	9.17811
1.1205	6.516807E-6	4.351167E-6	7.848007E-6	9.18489
1.12	6.35786E-6	3.139193E-6	7.11285E-6	9.188557
1.1195	6.65588E-6	1.390783E-7	6.67575E-6	9.20089
1.119	6.4572E-6	-1.9471E-6	6.715483E-6	9.208
1.1185	6.79496E-6	-1.49012E-6	6.934037E-6	9.212
1.118	7.828127E-6	1.986833E-7	7.847993E-6	9.218553
1.1175	6.87443E-6	-6.556557E-7	6.854563E-6	9.230887
1.117	5.68234E-6	-2.006703E-6	6.039967E-6	9.228223
1.1165	7.7884E-6	-2.48354E-6	8.165897E-6	9.238557
1.116	7.192327E-6	1.68881E-6	7.430743E-6	9.23722
1.1155	7.629443E-6	4.54985E-6	8.901017E-6	9.247337
1.115	1.049047E-5	7.09298E-6	1.267597E-5	9.257333
1.1145	1.4782E-5	7.728783E-6	1.672913E-5	9.266003
1.114	1.531847E-5	5.006817E-6	1.611327E-5	9.263223
1.1135	1.438463E-5	3.39748E-6	1.476217E-5	9.271223
1.113	9.934183E-6	1.231834E-6	9.993783E-6	9.272333
1.1125	1.003348E-5	-6.95391E-7	1.005333E-5	9.271777
1.112	7.80826E-6	9.536807E-7	7.847993E-6	9.27322
1.1115	5.622737E-6	2.781563E-6	6.278387E-6	9.27489
1.111	6.914167E-6	1.569597E-6	7.11285E-6	9.277113
1.1105	9.059963E-6	5.56313E-7	9.099703E-6	9.284557
1.11	1.023223E-5	-6.95391E-7	1.02521E-5	9.285667
1.1095	1.070903E-5	5.761813E-7	1.074877E-5	9.292333
1.109	1.013284E-5	2.62262E-6	1.04905E-5	9.299
1.1085	9.5368E-6	4.192223E-6	1.04309E-5	9.303333
1.108	1.007324E-5	3.2584E-6	1.058983E-5	9.30589
1.1075	1.134477E-5	7.549967E-7	1.136463E-5	9.303113
1.107	1.146403E-5	-1.271573E-6	1.152367E-5	9.293
1.1065	1.225873E-5	-6.75523E-7	1.229847E-5	9.285557
1.106	1.23978E-5	-1.172233E-6	1.24574E-5	9.29667
1.1055	1.337137E-5	9.934133E-8	1.337137E-5	9.303223
1.105	1.283497E-5	2.344463E-6	1.307337E-5	9.318887
1.1045	1.285483E-5	3.457083E-6	1.33515E-5	9.317113
1.104	1.333163E-5	2.62262E-6	1.35899E-5	9.322667
1.1035	1.271573E-5	3.675637E-6	1.325217E-5	9.33978
1.103	1.005338E-5	3.933933E-6	1.080837E-5	9.346113
1.1025	1.025207E-5	3.516697E-6	1.08481E-5	9.362777
1.102	1.162297E-5	5.761823E-7	1.164287E-5	9.372447
1.1015	1.289457E-5	-1.708673E-6	1.297403E-5	9.38489
1.101	1.29144E-5	-3.019983E-6	1.327203E-5	9.388557
1.1005	1.225873E-5	-2.662357E-6	1.2517E-5	9.391667
1.1	1.319257E-5	8.344713E-7	1.32323E-5	9.409333
1.0995	1.492107E-5	3.218667E-6	1.525887E-5	9.418667
